OSIKCS -x generates a decoding log (update version allows specification of log file)
 
From the log leftmost is Start bit (0), then lsb...msb then 2 stoP bits (1 1)
0 1 0 1 1 0 0 0 0 1 1 [01629004=0D]
S 1 2 3 4 5 6 7 8 P P
  ~~~~~~~ -------
      D      0      = '0D'

<an excerpt from the log>
0 1 0 1 1 0 0 0 0 1 1 [01629004=0D] 
0 0 0 0 0 1 1 0 0 1 1 [01630669=30]0
0 0 0 1 0 0 0 1 0 1 1 [01632325=44]D
0 1 0 1 1 0 0 0 0 1 1 [01633998=0D] 
0 0 0 0 0 1 1 0 0 1 1 [01635666=30]0
0 1 0 0 0 0 0 1 0 1 0 1 0 1 1 [01638085=54]T[FE]  <-Eeeck an error!
0 0 0 0 1 1 0 1 0 1 0 1 1 [01640051=56]V[FE]
0 0 1 1 0 0 1 0 0 1 1 [01641724=26]&
0 0 1 1 0 1 0 1 1 0 0 0 0 1 1 [01643992=0D] [FE]
0 0 0 1 0 1 1 0 0 1 1 [01645647=34]4
0 1 0 1 0 1 1 0 0 1 1 [01647302=35]5
0 1 0 1 1 0 0 0 0 1 1 [01648971=0D] 
0 1 0 1 0 1 1 0 0 1 1 [01650643=35]5
0 1 1 1 0 1 1 0 0 1 1 [01652302=37]7
0 1 0 1 1 0 0 0 0 1 1 [01653947=0D] 


Take out the decoding and other diagnostics leaving the bit stream
0 1 0 1 1 0 0 0 0 1 1 [01629004=0D] 
0 0 0 0 0 1 1 0 0 1 1 [01630669=30]0
0 0 0 1 0 0 0 1 0 1 1 [01632325=44]D
0 1 0 1 1 0 0 0 0 1 1 [01633998=0D] 
0 0 0 0 0 1 1 0 0 1 1 [01635666=30]0
0 1 0 0 0 0 0 1 0 1 0 1 0 1 1 0 0 0 0 1 1 0 1 0 1 0 1 1 0 0 1 1 0 0 1 0 0 1 1 0 0 1 10 1 0 1 1 0 0 0 0 1 1 
0 0 0 1 0 1 1 0 0 1 1 [01645647=34]4
0 1 0 1 0 1 1 0 0 1 1 [01647302=35]5
0 1 0 1 1 0 0 0 0 1 1 [01648971=0D] 
0 1 0 1 0 1 1 0 0 1 1 [01650643=35]5
0 1 1 1 0 1 1 0 0 1 1 [01652302=37]7
0 1 0 1 1 0 0 0 0 1 1 [01653947=0D] 

working backwards realign the bits
0 1 0 1 1 0 0 0 0 1 1 [01629004=0D] 
0 0 0 0 0 1 1 0 0 1 1 [01630669=30]0
0 0 0 1 0 0 0 1 0 1 1 [01632325=44]D
0 1 0 1 1 0 0 0 0 1 1 [01633998=0D] 
0 0 0 0 0 1 1 0 0 1 1 [01635666=30]0
0 1 0 0 0 0 0 1 0 1 				hmmm maybe dropped a stop bit? so probably 41 = 'A'
0 1 0 1 1 0 0 0 0 1 1 =0D		<CR>
0 1 0 1 0 1 1 0 0 1 1 =35		5
0 0 1 0 0 1 1 0 0 1 1 =32		2
0 1 0 1 1 0 0 0 0 1 1 =0D		<CR>
0 0 0 1 0 1 1 0 0 1 1 [01645647=34]4
0 1 0 1 0 1 1 0 0 1 1 [01647302=35]5
0 1 0 1 1 0 0 0 0 1 1 [01648971=0D] 
0 1 0 1 0 1 1 0 0 1 1 [01650643=35]5
0 1 1 1 0 1 1 0 0 1 1 [01652302=37]7
0 1 0 1 1 0 0 0 0 1 1 [01653947=0D] 
